3.773785943967021126e+02
-3.196717687287075904e+01
1.418985839029461204e+03
3.818957133372959447e+02
2.309526091728107815e+02
3.129610796335438749e+02
2.548915323703653826e+02
2.733339687920811798e+02
0.000000000000000000e+00
1.096047525952098113e+03
3.442089081754298832e+02
2.260515108348578508e+02
2.382556912065952019e+02
0.000000000000000000e+00
5.162872851561818521e+01
1.804811020429970370e+01
3.703606974350778103e+01
2.604210451726980580e+01
0.000000000000000000e+00
2.954159409931421010e+01
2.166726989064687814e+01
1.620142486789828951e+01
1.965650388626978327e+02
1.740955767695690497e+02
5.937082158941765329e+02
3.375687869817203932e+02
3.421106531898210505e+02
4.409071971595965920e+02
0.000000000000000000e+00
3.010358471088663919e+02
3.629191432644811357e+02
1.517886340317437259e+02
0.000000000000000000e+00
1.348723224013498111e+03
2.662859732532326973e+01
1.212233731253372326e+02
3.444397938809407123e+01
4.610062546321910304e+01
1.944318254632056266e+02
0.000000000000000000e+00
2.508495997820087098e+02
5.995068107955738697e+02
6.396226387898382626e+01
2.976912907882307735e+01
8.301348807828551912e+01
3.985965596681390366e+01
0.000000000000000000e+00
6.260117633991127377e+02
1.495388943084198843e+02
3.383791317560589960e+02
1.887941033371450317e+02
1.213683845526388154e+02
5.154234531158895294e+01
1.194376439910398403e+03
2.057955308744722061e+02
4.627806185377669124e+01
4.694715052011423495e+01
7.178670329700588582e+01
3.518080133115817034e+02
2.048695831996632322e+01
1.555400313810182809e+02
1.324352112695580388e+02
4.405612326220253294e+01
2.062162032688766885e+03
0.000000000000000000e+00
6.564953953849500579e+01
6.010092260191645153e+01
0.000000000000000000e+00
7.535838317530148345e+01
0.000000000000000000e+00
3.296025940379742991e+01
0.000000000000000000e+00
3.927265125581677552e+01
7.173051144661904743e+01
7.715266082973533912e+01
0.000000000000000000e+00
2.358017243899695714e+01
0.000000000000000000e+00
0.000000000000000000e+00
0.000000000000000000e+00
8.072341125769234793e+01
5.071126076236139113e+01
5.403832430306884049e+01
8.636831283063604303e+01
0.000000000000000000e+00
6.477249827390583903e+01
0.000000000000000000e+00
6.918842911748915014e+01
0.000000000000000000e+00
2.171188263778851280e+01
0.000000000000000000e+00
0.000000000000000000e+00
0.000000000000000000e+00
7.743770669446324462e+01
2.371506026311003268e+01
0.000000000000000000e+00
1.632327888842336350e+01
0.000000000000000000e+00
2.063287191755178895e+01
0.000000000000000000e+00
4.036170562884617397e+01
0.000000000000000000e+00
2.396146369106514612e+03
2.385229541246733476e+01
4.609301127632419082e+01
1.447117780654352828e+02
