-2.084553580954335530e+02
3.757420803760648198e+01
3.203339289305922648e+03
-3.100846411783574013e+02
-1.727541596000178004e+02
-2.191857380826986059e+02
3.793734435279851027e+02
6.812951162429469605e+02
6.989420723338771779e+01
3.800354887014232190e+03
3.114271073968176324e+02
6.077450455232229842e+02
5.069270025672224733e+02
4.823701850189633689e+01
6.582662885741319769e+02
4.933150122508577624e+02
6.454857869582775720e+02
3.125052542072373853e+02
2.819545874893406676e+02
3.249575350924564532e+02
3.466763182503501639e+02
3.564313470937622697e+02
4.886045251729916572e+02
5.222867303087057280e+02
8.689729341723895004e+02
7.298784583388551539e+01
1.853812101972331220e+03
3.394985418128897550e+02
2.185090895582756332e+02
1.157830181187948000e+02
1.401204374325797289e+03
1.126738706466401254e+03
0.000000000000000000e+00
1.657805629516594763e+03
3.905527607714078044e+02
2.175640538723186182e+03
5.051783643587125994e+02
5.243946146441186329e+02
1.041151065383607829e+03
1.141426062527119996e+02
9.187744377557833104e+02
6.207014960257204166e+02
5.058833597701448070e+02
6.102671461158743114e+02
8.508882528024279281e+02
1.066245797112270111e+03
2.421121269757146024e+02
6.621278266721384398e+02
3.133195880747847468e+02
8.348793531177522027e+02
3.952876538621470672e+02
5.274856713249295126e+02
6.614600981653926510e+02
1.428767720780186664e+03
1.705816289248390376e+03
5.495519845135984269e+02
1.383560141798667019e+03
1.047433261742681680e+03
4.409327100171823872e+02
2.868174164795286174e+02
5.242275131730615385e+02
9.134633802951591406e+02
2.202806163110125794e+02
5.822909320953091992e+03
4.177747857952985555e+01
1.148866941923662495e+02
1.202018452038328888e+02
9.596778693251609127e+01
1.318771705567775996e+02
1.743919792751289890e+02
1.318410376151897196e+02
1.955751931700642388e+02
9.818162813954194235e+01
0.000000000000000000e+00
2.005969181573118476e+02
9.476280193207904290e+01
1.179008621949847821e+02
1.276937943472491810e+02
0.000000000000000000e+00
9.885545831468054701e+01
4.036170562884617397e+01
1.014225215247227823e+02
1.621149729092065570e+02
0.000000000000000000e+00
3.634631772508873127e+01
1.511358293057803053e+02
2.148896833003495885e+02
2.306280970582971790e+01
1.382790338289725582e+02
4.776614180313471820e+02
9.476280193207904290e+01
0.000000000000000000e+00
1.304014448629077947e+02
2.452194045324670526e+02
9.486024105244013072e+01
1.350913069262232398e+02
1.305862311073869080e+02
0.000000000000000000e+00
1.237972315053107479e+02
1.645812924350272510e+02
4.036170562884617397e+01
4.254366599238525737e+01
7.158775672213268081e+03
9.540918164986933903e+01
1.382790338289725582e+02
3.122727842464656760e+02
