4.667360528552582100e-01
1.095361887800735401e-01
5.488278656438358993e-01
2.237469912823019769e+00
2.978068810805357680e-01
4.276515243661126453e-01
-7.689191887504276401e-02
-1.684659989759688670e-01
-4.441373061251327470e-02
-9.744413417959023327e-02
-8.614548850253268830e-02
-1.690304219061410929e-01
-1.714612884542370541e-01
-1.793934296843029408e-01
-1.813578977923352153e-01
-2.474200757752961222e-01
-3.085729254451474723e-01
-7.203025622679891382e-02
-1.726631256519025881e-01
-2.717631409381919272e-01
-2.925303157932165887e-01
-1.584929930701751144e-01
-3.662109723689723623e-02
-1.336179650532193404e-02
2.323346261963244730e-01
2.088137350263240544e-01
-3.411894619963142805e-01
2.210513477075200517e-01
-1.309468282310754239e-01
2.035695322044576705e-01
-1.070309452355879543e-01
-4.877192365965455911e-01
3.336546478624381473e-01
1.019480659925575905e+00
-1.165490993593589486e-01
-1.028603026274279131e+00
-2.608791052209563643e-01
-2.806102168663255347e-01
-5.649918619597278646e-02
-1.402996753505041105e-01
-1.933864197763174864e-01
2.371453013802900245e-01
-2.128621220020989191e-01
-2.381030283628337296e-01
-1.546781349141767570e-01
-3.227176335488383119e-01
-3.758685422179982027e-01
3.165408661559999948e-02
8.142062750387993320e-02
7.512643222287045119e-02
1.232017323929047309e-01
-6.127029946700361662e-02
-1.837838052810172873e-01
-5.498145125103892639e-01
3.750922384584038927e-01
-1.161076000957148441e-01
-5.550619480177785281e-01
2.058893940335909667e-01
1.070039806175899638e-01
-1.186954129703690908e-01
-1.044274788430717138e-01
-3.793618987280566457e-01
-5.462582460505975568e-02
-2.683756582774001753e-01
2.045887645244815478e-01
-6.903657059078374680e-02
-1.136113221760654268e-01
-7.557792565868654000e-02
5.162608291372072084e-02
-3.893757165399677200e-01
-6.096905392377469091e-02
-3.275624388411311760e-01
-5.057428076677641937e-02
1.122926786636477547e-01
-7.118993646249714702e-02
-3.267046501110329459e-01
1.530564558137435978e-02
-2.144053970497471484e-01
0.000000000000000000e+00
-1.497673438117787803e-01
1.962507785895754586e-01
-1.882334779815670323e-01
-5.398902860852018010e-02
-1.383260083804125351e-01
-6.112229493431244054e-02
2.712932801769873253e-02
5.140189766726722780e-03
1.804060604155700506e-02
-1.756817138850502169e-01
-1.277996826701554289e-01
-2.601531057945751790e-01
-1.748529208747585384e-01
-2.267167745165806214e-01
-8.432547339632225081e-02
-3.485206955829173170e-01
-2.285329143812756814e-01
-4.864666616624814810e-01
-1.989468233923531448e-01
-1.061120255604992568e-01
4.015430147073770217e-02
-2.170166375926999291e-01
-1.405168686056577562e-02
-1.416818804335428228e-01
-6.392011379516517044e-02
0.000000000000000000e+00
-5.327567083959894312e-02
